[[0.02005355 0.8490934  0.064476   0.06637707]]
no_signal: 0.85
turn_right: 0.07
turn_left: 0.06
flashers: 0.02
[[0.00541473 0.9874843  0.00254598 0.00455498]]
no_signal: 0.99
flashers: 0.01
turn_right: 0.00
turn_left: 0.00
