%YAML:1.0
---
image_width: 1920
image_height: 1208
camera_name: li_ar0231_gmsl_030h
camera_matrix: !!opencv-matrix
  rows: 3
  cols: 3
  dt: d
  data: [3947.427453, 0., 1020.568847, 0.,
       3897.812365, 698.073543, 0., 0., 1.]
distortion_model: plumb_bob
distortion_coefficients: !!opencv-matrix
  rows: 1
  cols: 5
  dt: d
  data: [-0.382633, 0.741808, -0.004272, 0.004118, 0.000000]
rectification_matrix: !!opencv-matrix
  rows: 3
  cols: 3
  data: [1.000000, 0.000000, 0.000000, 0.000000, 1.000000, 0.000000, 0.000000, 0.000000, 1.000000]
projection_matrix: !!opencv-matrix
  rows: 3
  cols: 4
  data: [3860.988281, 0.000000, 1025.443376, 0.000000, 0.000000, 3859.242188, 697.869590, 0.000000, 0.000000, 0.000000, 1.000000, 0.000000]
