%YAML:1.0
---
image_width: 1280
image_height: 720
camera_name: on_ar0231_gmsl_120h_1280x720
camera_matrix: !!opencv-matrix
  rows: 3
  cols: 3
  dt: d
  data: [668.611073, 0.000000, 601.394929, 0.000000,
       666.724859, 340.687923, 0.000000, 0.000000, 1.000000]
distortion_model: plumb_bob
distortion_coefficients: !!opencv-matrix
  rows: 1
  cols: 5
  dt: d
  data: [-0.299505, 0.066764,
       -0.001612, 0.000428,
       0.000000]
rectification_matrix: !!opencv-matrix
  rows: 3
  cols: 3
  data: [1.000000, 0.000000, 0.000000, 0.000000, 1.000000, 0.000000, 0.000000, 0.000000, 1.000000]
projection_matrix: !!opencv-matrix
  rows: 3
  cols: 4
  data: [459.623779, 0.000000, 608.162234, 0.000000, 0.000000, 598.623779, 334.376262, 0.000000, 0.000000, 0.000000, 1.000000, 0.000000]
