%YAML:1.0
---
image_width: 608
image_height: 384
camera_name: sn_ar0231_gmsl_120h_608x384
camera_matrix: !!opencv-matrix
  rows: 3
  cols: 3
  dt: d
  data: [303.412800, 0., 308.708492, 0.,
       303.492223, 209.050128, 0., 0., 1.]
distortion_model: plumb_bob
distortion_coefficients: !!opencv-matrix
  rows: 1
  cols: 5
  data: [-0.056916, 0.27927, -0.007470, 0.006422, 0.000000]
rectification_matrix: !!opencv-matrix
  rows: 3
  cols: 3
  data: [1.000000, 0.000000, 0.000000, 0.000000, 1.000000, 0.000000, 0.000000, 0.000000, 1.000000]
projection_matrix: !!opencv-matrix
  rows: 3
  cols: 4
  data: [298.861389, 0.000000, 314.402836, 0.000000, 0.000000, 300.757141, 204.339716, 0.000000, 0.000000, 0.000000, 1.000000, 0.000000]
