%YAML:1.0
---
image_width: 1920
image_height: 1208
camera_name: sn_ar0231_gmsl_060h
camera_matrix: !!opencv-matrix
  rows: 3
  cols: 3
  dt: d
  data: [1872.437410, 0.000000, 988.177263, 0.000000, 1899.756959, 713.341612, 0.000000, 0.000000, 1.000000]
distortion_model: plumb_bob
distortion_coefficients: !!opencv-matrix
  rows: 1
  cols: 5
  dt: d
  data: [-0.265622, 0.063416, 0.002433, -0.001067, 0.000000]
rectification_matrix: !!opencv-matrix
  rows: 3
  cols: 3
  dt: d
  data: [1.000000, 0.000000, 0.000000, 0.000000, 1.000000, 0.000000, 0.000000, 0.000000, 1.000000]
projection_matrix: !!opencv-matrix
  rows: 3
  cols: 4
  dt: d
  data: [1730.462891, 0.000000, 991.004886, 0.000000, 0.000000, 1839.328247, 721.093287, 0.000000, 0.000000, 0.000000, 1.000000, 0.000000]
