%YAML:1.0
---
CameraExtrinsicMat: !!opencv-matrix
   rows: 4
   cols: 4
   dt: d
   data: [-0.4651043051881169, 0.2119767834292103, -0.8595020817790291, 0.2570673355000689,
          0.8798583471966697, 0.00363965950112588, -0.4752220972840603, 0.943510574638626,
         -0.09760775667857402, -0.9772679244535359, -0.1882023636154836, -1.149955785462867,
          0., 0., 0., 1.]
CameraMat: !!opencv-matrix
   rows: 3
   cols: 3
   dt: d
   data: [ 649.337005, 0.000000, 285.582207,
           0.000000, 648.474125, 184.865181,
           0.000000, 0.000000, 1.000000 ]
DistCoeff: !!opencv-matrix
   rows: 1
   cols: 5
   dt: d
   data: [ -0.519617, 0.178118, -0.003600, -0.001270, 0.000000 ]
ImageSize: [ 608, 342 ]
ReprojectionError: 7.5079422653643557e-01
CoverageMat: !!opencv-matrix
   rows: 2
   cols: 2
   dt: f
   data: [ -3., 50.,
           1., 50. ]
RadarMat: !!opencv-matrix
   rows: 1
   cols: 8
   dt: d
   data: [1.46, 0.75, 0.193732, 0.417134, -0.00872665, 0.846485, 0, -7.0]
