%YAML:1.0
---
CameraExtrinsicMat: !!opencv-matrix
   rows: 4
   cols: 4
   dt: d
   data: [0.08191316238514729, 0.009809280276290078, 0.9965911959517431, -0.1394423968684501,
         -0.9963970194585583, 0.0228611910762459, 0.0816721834939933, -0.2313958647917515,
         -0.02198211641688808, -0.9996905240938501, 0.01164657008727543, 0.0250341454847819,
            0., 0., 0., 1. ]
CameraMat: !!opencv-matrix
   rows: 3
   cols: 3
   dt: d
   data: [1274.821856, 0.000000, 227.432866,
          0.000000, 1263.329196, 80.836703,
          0.000000, 0.000000, 1.000000]
DistCoeff: !!opencv-matrix
   rows: 1
   cols: 5
   dt: d
   data: [ -0.391392, -0.015540, 0.019923, 0.000463, 0.000000 ]
ImageSize: [ 608, 342 ]
ReprojectionError: 2.8142819089541871e-01
CoverageMat: !!opencv-matrix
   rows: 2
   cols: 2
   dt: f
   data: [ 0., 50.,
           -50., 50. ]
RadarMat: !!opencv-matrix
   rows: 1
   cols: 8
   dt: d
   data: [2.4, 0.63, 0.075, -0.03, 0., -0.0279253, 0, 0]
