%YAML:1.0
---
CameraExtrinsicMat: !!opencv-matrix
   rows: 4
   cols: 4
   dt: d
   data: [ -0.07740973370749171, -0.1844676987104916, 0.9797853853062876, -27.13944239686845,
           -0.9968960167935201, 0.02847065394159232, -0.07340131855322118, -4.571395864791752,
           -0.01435495832625655, -0.9824261244473262, -0.1860990198116532, -0.1849658545152181,
            0., 0., 0., 1. ]
CameraMat: !!opencv-matrix
   rows: 3
   cols: 3
   dt: d
   data: [ 3.9977031941136088e+03, 0., 9.2421957307858906e+02, 0.,
       3.9581855347309411e+03, 3.7348855752459946e+02, 0., 0., 1. ]
DistCoeff: !!opencv-matrix
   rows: 1
   cols: 5
   dt: d
   data: [ -8.3524803406475473e-02, -5.8081920174899331e+00,
       3.8355118956881484e-03, 3.3224419089440444e-03,
       4.0171829640889563e+01 ]
ImageSize: [ 608, 384 ]
ReprojectionError: 2.8142819089541871e-01
CoverageMat: !!opencv-matrix
   rows: 2
   cols: 2
   dt: f
   data: [ 0., 50.,
           -50., 50. ]
