%YAML:1.0
---
CameraExtrinsicMat: !!opencv-matrix
   rows: 4
   cols: 4
   dt: d
   data: [0.4560924002091196, -0.2616272682554663, 0.8506061926512565, -5.483779927157819,
         -0.8833461307263395, -0.01702127361546818, 0.4684120937543266, 3.715314846246203,
         -0.1080709757626392, -0.9650188851777408, -0.2388707086438634, -2.261561306526251, 
          0., 0., 0., 1. ]
CameraMat: !!opencv-matrix
   rows: 3
   cols: 3
   dt: d
   data: [ 649.337005, 0.000000, 285.582207,
           0.000000, 648.474125, 184.865181,
           0.000000, 0.000000, 1.000000 ]
DistCoeff: !!opencv-matrix
   rows: 1
   cols: 5
   dt: d
   data: [ -0.519617, 0.178118, -0.003600, -0.001270, 0.000000 ]
ImageSize: [ 608, 342 ]
ReprojectionError: 6.7934964402766740e-01
CoverageMat: !!opencv-matrix
   rows: 2
   cols: 2
   dt: f
   data: [ -3., 50.,
           1., 50. ]
