%YAML:1.0
---
CameraExtrinsicMat: !!opencv-matrix
   rows: 4
   cols: 4
   dt: d
   data: [ -0.04405527903477435, -0.6845551832752276, 0.727628568323281, 0.2105576031315481,
           -0.9984355079810819, 0.005066091228761227, -0.05568546598728047, -0.00139586479175155,
            0.03443354166691059, -0.7289434379776536, -0.6837073902171833, 0.03503414548478199,
            0., 0., 0., 1. ]
CameraMat: !!opencv-matrix
   rows: 3
   cols: 3
   dt: d
   data: [ 301.233137, 0.000000, 311.228361,
           0.000000, 298.067670, 173.165018,
           0.000000, 0.000000, 1.000000 ]
DistCoeff: !!opencv-matrix
   rows: 1
   cols: 5
   dt: d
   data: [ -0.060668, 0.035593, 0.010435, 0.029007, 0.000000 ]
ImageSize: [ 608, 342 ]
ReprojectionError: 2.8142819089541871e-01
CoverageMat: !!opencv-matrix
   rows: 2
   cols: 2
   dt: f
   data: [ 0., 50.,
           -50., 50. ]
