%YAML:1.0
---
CameraExtrinsicMat: !!opencv-matrix
   rows: 4
   cols: 4
   dt: d
   data: [-0.4404357956275418, -0.2815242828115406, 0.8525024270448631, -4.812932664499931,
          -0.8956964431825598, 0.07307044318048994, -0.4386212397998059, -3.586489425361374,
          0.06118979980393796, -0.9567678864389497, -0.2843431375628737, -1.989955785462867,
          0., 0., 0., 1.]
CameraMat: !!opencv-matrix
   rows: 3
   cols: 3
   dt: d
   data: [ 6.0040004507191020e+02, 0., 3.0498018065749272e+02, 0.,
       6.0013870143992153e+02, 2.1704755511652340e+02, 0., 0., 1. ]
DistCoeff: !!opencv-matrix
   rows: 1
   cols: 5
   dt: d
   data: [ -3.1779974906261643e-01, 2.4629940336559333e-01,
       -1.8709597770626655e-03, -4.0517907402186247e-03,
       -2.9684403277431298e-01 ]
ImageSize: [ 608, 384 ]
ReprojectionError: 7.5079422653643557e-01
CoverageMat: !!opencv-matrix
   rows: 2
   cols: 2
   dt: f
   data: [ -3., 50.,
           1., 50. ]
