%YAML:1.0
---
CameraExtrinsicMat: !!opencv-matrix
   rows: 4
   cols: 4
   dt: d
   data: [0.03582490406083838, 0.06592180265742181, 
       0.997181474047441, -0.2714868697587237,
       -0.999105313538011, 0.02480352849144579, 
       0.0342543053423468, -0.1215990687583275,
       -0.02247551354573257, -0.9975164664850249, 
       0.06675140734161056, -1.196110907760773, 0., 0., 0., 1. ]
CameraMat: !!opencv-matrix
   rows: 3
   cols: 3
   dt: d
   data: [ 6.0040004507191020e+02, 0., 3.0498018065749272e+02, 0.,
       6.0013870143992153e+02, 2.1704755511652340e+02, 0., 0., 1. ]
DistCoeff: !!opencv-matrix
   rows: 1
   cols: 5
   dt: d
   data: [ -2.8318216965020898e-01, -2.3980655161144893e-01,
       2.2790463334225911e-04, -3.3127233940153599e-03,
       1.3051436423115412e+00 ]
ImageSize: [ 608, 384 ]
ReprojectionError: 1.9152198972419840e-01
ChessboardViewNUM: 37
CoverageMat: !!opencv-matrix
   rows: 2
   cols: 2
   dt: f
   data: [ 0., 50.,
           -50., 50. ]
