%YAML:1.0
---
CameraExtrinsicMat: !!opencv-matrix
   rows: 4
   cols: 4
   dt: d
   data: [-0.3689532621740829, -0.2567403088821935, 0.893284895274838, -5.25293266449993,
          -0.9224331980256132, -0.01670988285240349, -0.3857949908893309, -3.486489425361374,
          0.1139758110799938, -0.9663359631153829, -0.2306606183953445, -2.269955785462867,
          0., 0., 0., 1.]
CameraMat: !!opencv-matrix
   rows: 3
   cols: 3
   dt: d
   data: [ 649.337005, 0.000000, 285.582207,
           0.000000, 648.474125, 184.865181,
           0.000000, 0.000000, 1.000000 ]
DistCoeff: !!opencv-matrix
   rows: 1
   cols: 5
   dt: d
   data: [ -0.519617, 0.178118, -0.003600, -0.001270, 0.000000 ]
ImageSize: [ 608, 342 ]
ReprojectionError: 7.5079422653643557e-01
CoverageMat: !!opencv-matrix
   rows: 2
   cols: 2
   dt: f
   data: [ -3., 50.,
           1., 50. ]
RadarMat: !!opencv-matrix
   rows: 1
   cols: 8
   dt: d
   data: [1.96, 0.8, 0.282743, -0.476475, 0.04174533, -1.05767, 0., -7.0]
