%YAML:1.0
---
CameraExtrinsicMat: !!opencv-matrix
   rows: 4
   cols: 4
   dt: d
   data: [ 0.04323901128769825, -0.06988676746872186, 0.9966173928020901, 0.1605576031315501,
          -0.9989642013687035, -0.01717722632628216, 0.04213629408864272, 0.1786041352082485,
          0.01417435312990417, -0.9974070295664197, -0.07055710513364527, -0.0849658545152181,
            0., 0., 0., 1. ]
CameraMat: !!opencv-matrix
   rows: 3
   cols: 3
   dt: d
   data: [ 1.20040004507191e+3, 0., 3.049801806574927e+2, 0.,
           1.200438701439922e+3, 2.170475551165234e+2, 0., 0., 1.]
DistCoeff: !!opencv-matrix
   rows: 1
   cols: 5
   dt: d
   data: [ 0,0,0,0,0 ]
ImageSize: [ 608, 384 ]
ReprojectionError: 2.8142819089541871e-01
CoverageMat: !!opencv-matrix
   rows: 2
   cols: 2
   dt: f
   data: [ 10., 100.,
           -15., 15. ]
