%YAML:1.0
---
CameraExtrinsicMat: !!opencv-matrix
   rows: 4
   cols: 4
   dt: d
   data: [0.4461390717438958, -0.2463545265675151, 0.8603890840214042, -5.483779927157819,
         -0.8887672875078416, -0.009025366656983391, 0.4582698456288181, 3.615314846246203,
         -0.1051315239090963, -0.969137755944119, -0.2229784130451837, -2.261561306526251, 
          0., 0., 0., 1. ]
CameraMat: !!opencv-matrix
   rows: 3
   cols: 3
   dt: d
   data: [ 649.337005, 0.000000, 285.582207,
           0.000000, 648.474125, 184.865181,
           0.000000, 0.000000, 1.000000 ]
DistCoeff: !!opencv-matrix
   rows: 1
   cols: 5
   dt: d
   data: [ -0.519617, 0.178118, -0.003600, -0.001270, 0.000000 ]
ImageSize: [ 608, 342 ]
ReprojectionError: 6.7934964402766740e-01
CoverageMat: !!opencv-matrix
   rows: 2
   cols: 2
   dt: f
   data: [ -3., 50.,
           1., 50. ]
