%YAML:1.0
---
CameraExtrinsicMat: !!opencv-matrix
   rows: 4
   cols: 4
   dt: d
   data: [0.4143063069923192, 0.1917005435500163, -0.8897197230527234, 0.0870673355000689,
          0.9055230775289942, 0.01149193112782837, 0.4241413580180228, -0.7964894253613737,
          0.09153272665448936, -0.9813861814401005, -0.168828086613611, -1.359955785462867,
          0., 0., 0., 1.]
CameraMat: !!opencv-matrix
   rows: 3
   cols: 3
   dt: d
   data: [ 649.337005, 0.000000, 285.582207,
           0.000000, 648.474125, 184.865181,
           0.000000, 0.000000, 1.000000 ]
DistCoeff: !!opencv-matrix
   rows: 1
   cols: 5
   dt: d
   data: [ -0.519617, 0.178118, -0.003600, -0.001270, 0.000000 ]
ImageSize: [ 608, 342 ]
ReprojectionError: 7.5079422653643557e-01
CoverageMat: !!opencv-matrix
   rows: 2
   cols: 2
   dt: f
   data: [ -3., 50.,
           1., 50. ]
