%YAML:1.0
---
CameraExtrinsicMat: !!opencv-matrix
   rows: 4
   cols: 4
   dt: d
   data: [0.4537419846260429, -0.27204810718885, 0.8485917974872157, -5.023779927157818,
          -0.877849997385326, 0.02734920726383633, 0.4781541623290786, 3.465314846246203,
          -0.1532892477579652, -0.9618949257777607, -0.2264079466025727, -2.581561306526251, 
          0., 0., 0., 1. ]
CameraMat: !!opencv-matrix
   rows: 3
   cols: 3
   dt: d
   data: [ 6.0040004507191020e+02, 0., 3.0498018065749272e+02, 0.,
       6.0013870143992153e+02, 2.1704755511652340e+02, 0., 0., 1. ]
DistCoeff: !!opencv-matrix
   rows: 1
   cols: 5
   dt: d
   data: [ -3.5930519945802702e-01, 4.3984632476623559e-01,
       -1.5994581729320633e-04, 2.3056701670792204e-03,
       -4.2852118386960170e-01 ]
ImageSize: [ 608, 384 ]
ReprojectionError: 6.7934964402766740e-01
CoverageMat: !!opencv-matrix
   rows: 2
   cols: 2
   dt: f
   data: [ -3., 50.,
           1., 50. ]
