%YAML:1.0
---
CameraExtrinsicMat: !!opencv-matrix
   rows: 4
   cols: 4
   dt: d
   data: [ 0.4681917534879313, -0.2253115547830808, 0.8544186241223481, -19.02377992715782,
          -0.8785753187243266, -0.01545317717833211, 0.4773537562893399, 5.365314846246203,
          -0.09434983462806584, -0.9741642072034495, -0.205188221175902, -2.281561306526251, 0., 0., 0., 1. ]
CameraMat: !!opencv-matrix
   rows: 3
   cols: 3
   dt: d
   data: [ 1.7887616745813873e+03, 0., 1.788632462e+02, 0.,
       1.7774682999848915e+03, 2.045750414e+02, 0., 0., 1. ]
DistCoeff: !!opencv-matrix
   rows: 1
   cols: 5
   dt: d
   data: [ -3.5930519945802702e-01, 4.3984632476623559e-01,
       -1.5994581729320633e-04, 2.3056701670792204e-03,
       -4.2852118386960170e-01 ]
ImageSize: [ 608, 384 ]
ReprojectionError: 6.7934964402766740e-01
CoverageMat: !!opencv-matrix
   rows: 2
   cols: 2
   dt: f
   data: [ -3., 50.,
           1., 50. ]
