%YAML:1.0
---
CameraExtrinsicMat: !!opencv-matrix
   rows: 4
   cols: 4
   dt: d
   data: [ -0.3615767438301661, -0.3561888217315762, 0.8616216000046923, -18.11293266449993,
           -0.9304972474918821, 0.079750422469967, -0.3575118774612854, -4.036489425361374,
            0.05862704777835592, -0.9310045077169785, -0.3602686162843788, -6.089955785462867, 0., 0., 0., 1.]
CameraMat: !!opencv-matrix
   rows: 3
   cols: 3
   dt: d
   data: [ 1.8330752412674278e+03, 0., 3.275758054e+02, 0.,
       1.8155318525304381e+03, 5.7503904203974571e+02, 0., 0., 1. ]
DistCoeff: !!opencv-matrix
   rows: 1
   cols: 5
   dt: d
   data: [ -3.1779974906261643e-01, 2.4629940336559333e-01,
       -1.8709597770626655e-03, -4.0517907402186247e-03,
       -2.9684403277431298e-01 ]
ImageSize: [ 608, 384 ]
ReprojectionError: 7.5079422653643557e-01
