%YAML:1.0
---
CameraExtrinsicMat: !!opencv-matrix
   rows: 4
   cols: 4
   dt: d
   data: [ -0.02802653233161967, -0.6623827911619092, 0.7486411366322474, 0.3105576031315481,
           -0.9994287894881803, 0.004419766095840383, -0.0335046326624952, -0.01139586479175148,
           0.01888407338619941, -0.7491525236159968, -0.6621283018661324, -0.06496585451521797,
            0., 0., 0., 1. ]
CameraMat: !!opencv-matrix
   rows: 3
   cols: 3
   dt: d
   data: [ 303.412800, 0., 308.708492, 0.,
       303.492223, 209.050128, 0., 0., 1.]
DistCoeff: !!opencv-matrix
   rows: 1
   cols: 5
   dt: d
   data: [ 0., 0., 0., 0. ,0. ]
ImageSize: [ 608, 384 ]
ReprojectionError: 2.8142819089541871e-01
CoverageMat: !!opencv-matrix
   rows: 2
   cols: 2
   dt: f
   data: [ 0., 50.,
           -50., 50. ]
