%YAML:1.0
---
CameraExtrinsicMat: !!opencv-matrix
   rows: 4
   cols: 4
   dt: d
   data: [-0.4185311654795924, 0.1403437229803299, -0.8972933204601015, 0.3870673355000689,
          0.9081923671525294, 0.06932664018552759, -0.4127716574650822, 1.313510574638626,
          0.004276420019003913, -0.9876727476146168, -0.1564744575041382, -1.189955785462867,
          0., 0., 0., 1.]
CameraMat: !!opencv-matrix
   rows: 3
   cols: 3
   dt: d
   data: [ 6.0040004507191020e+02, 0., 3.0498018065749272e+02, 0.,
       6.0013870143992153e+02, 2.1704755511652340e+02, 0., 0., 1. ]
DistCoeff: !!opencv-matrix
   rows: 1
   cols: 5
   dt: d
   data: [ -3.1779974906261643e-01, 2.4629940336559333e-01,
       -1.8709597770626655e-03, -4.0517907402186247e-03,
       -2.9684403277431298e-01 ]
ImageSize: [ 608, 384 ]
ReprojectionError: 7.5079422653643557e-01
CoverageMat: !!opencv-matrix
   rows: 2
   cols: 2
   dt: f
   data: [ -60., 0.,
           -10., 1. ]
