%YAML:1.0
---
CameraExtrinsicMat: !!opencv-matrix
   rows: 4
   cols: 4
   dt: d
   data: [ 0.01269728673595971, -0.0848744394785112, 0.9963107489296467, -1.03944239686845,
          -0.9995321396771988, 0.02665036810061971, 0.01500865191888107, -0.1213958647917515,
          -0.02782589912052214, -0.9960351838179764, -0.08449634273046669, -0.0849658545152181,
            0., 0., 0., 1. ]
CameraMat: !!opencv-matrix
   rows: 3
   cols: 3
   dt: d
   data: [1323.547376, 0., 360.812678, 0.,
       1320.103222, 231.026430, 0., 0., 1.]
DistCoeff: !!opencv-matrix
   rows: 1
   cols: 5
   dt: d
   data: [ 0,0,0,0,0 ]
ImageSize: [ 608, 384 ]
ReprojectionError: 2.8142819089541871e-01
CoverageMat: !!opencv-matrix
   rows: 2
   cols: 2
   dt: f
   data: [ 0., 50.,
           -50., 50. ]
