%YAML:1.0
---
CameraExtrinsicMat: !!opencv-matrix
   rows: 4
   cols: 4
   dt: d
   data: [ 0.03758431918796057, -0.6745251395709158, 0.7372945510703396, 0.5105576031315481,
          -0.9992622539088236, -0.03119955072873826, 0.02239499826706765, -0.2113958647917515,
          0.007897269416356933, -0.7375923156603255, -0.6752001251589074, -0.06496585451521797,
            0., 0., 0., 1. ]
CameraMat: !!opencv-matrix
   rows: 3
   cols: 3
   dt: d
   data: [ 2.6740004507191e+2, 0., 3.049801806574927e+2, 0.,
           2.80438701439922e+2, 2.170475551165234e+2, 0., 0., 1.]
DistCoeff: !!opencv-matrix
   rows: 1
   cols: 5
   dt: d
   data: [ 0., 0., 0., 0. ,0. ]
ImageSize: [ 608, 384 ]
ReprojectionError: 2.8142819089541871e-01
CoverageMat: !!opencv-matrix
   rows: 2
   cols: 2
   dt: f
   data: [ 0., 50.,
           -50., 50. ]
