%YAML:1.0
---
CameraExtrinsicMat: !!opencv-matrix
   rows: 4
   cols: 4
   dt: d
   data: [0.4730072269177356, 0.1969971913267359, -0.8587527408357838, 0.1870673355000689,
          0.8808807186494529, -0.0861571539608198, 0.4654310951505009, -0.8264894253613737,
          0.01770092639431081, -0.9766110031280359, -0.2142839839419507, -0.9899557854628671,
          0., 0., 0., 1.]
CameraMat: !!opencv-matrix
   rows: 3
   cols: 3
   dt: d
   data: [ 6.0040004507191020e+02, 0., 3.0498018065749272e+02, 0.,
       6.0013870143992153e+02, 2.1704755511652340e+02, 0., 0., 1. ]
DistCoeff: !!opencv-matrix
   rows: 1
   cols: 5
   dt: d
   data: [ -3.1779974906261643e-01, 2.4629940336559333e-01,
       -1.8709597770626655e-03, -4.0517907402186247e-03,
       -2.9684403277431298e-01 ]
ImageSize: [ 608, 384 ]
ReprojectionError: 7.5079422653643557e-01
CoverageMat: !!opencv-matrix
   rows: 2
   cols: 2
   dt: f
   data: [ -100., 0.,
           -2., 50. ]
