%YAML:1.0
---
CameraExtrinsicMat: !!opencv-matrix
   rows: 4
   cols: 4
   dt: d
   data: [ -0.01582336822131603, -0.662083059848289, 0.7492634002005299, 0.01055760313154813,
           -0.9981429089812921, -0.03362674264222032, -0.05079345853195677, 0.4386041352082485,
            0.05882477597489322, -0.7486756734669564, -0.660321423013295, -0.134965854515218,
            0., 0., 0., 1. ]
CameraMat: !!opencv-matrix
   rows: 3
   cols: 3
   dt: d
   data: [ 301.233137, 0.000000, 311.228361,
           0.000000, 298.067670, 173.165018,
           0.000000, 0.000000, 1.000000 ]
DistCoeff: !!opencv-matrix
   rows: 1
   cols: 5
   dt: d
   data: [ -0.060668, 0.035593, 0.010435, 0.029007, 0.000000 ]
ImageSize: [ 608, 342 ]
ReprojectionError: 2.8142819089541871e-01
CoverageMat: !!opencv-matrix
   rows: 2
   cols: 2
   dt: f
   data: [ 0., 50.,
           -50., 50. ]
