%YAML:1.0
---
CameraExtrinsicMat: !!opencv-matrix
   rows: 4
   cols: 4
   dt: d
   data: [-0.4408842914473722, 0.2029197114836844, -0.8743252439717883, -0.04293266449993111,
          0.894431485499385, 0.01801468989042021, -0.4468420176029954, 0.933510574638626,
          -0.07492235515726969, -0.9790296530951096, -0.1894401727674403, -1.099955785462867,
          0., 0., 0., 1.]
CameraMat: !!opencv-matrix
   rows: 3
   cols: 3
   dt: d
   data: [ 649.337005, 0.000000, 285.582207,
           0.000000, 648.474125, 184.865181,
           0.000000, 0.000000, 1.000000 ]
DistCoeff: !!opencv-matrix
   rows: 1
   cols: 5
   dt: d
   data: [ -0.519617, 0.178118, -0.003600, -0.001270, 0.000000 ]
ImageSize: [ 608, 342 ]
ReprojectionError: 7.5079422653643557e-01
CoverageMat: !!opencv-matrix
   rows: 2
   cols: 2
   dt: f
   data: [ -3., 50.,
           1., 50. ]
RadarMat: !!opencv-matrix
   rows: 1
   cols: 8
   dt: d
   data: [1.46, 0.75, 0.193732, 0.417134, -0.00872665, 0.846485, 0, -7.0]
