%YAML:1.0
---
CameraExtrinsicMat: !!opencv-matrix
   rows: 4
   cols: 4
   dt: d
   data: [0.03642641427901783, -0.04797016374210739, 0.9981843415588771, 0.02851313024127627,
         -0.999332346329329, -0.004571673799632636, 0.03624860519507228, 0.0684009312416725,
          0.0028245216748779, -0.9988383068291011, -0.04810466596997609, -1.346110907760773, 0., 0., 0., 1. ]
CameraMat: !!opencv-matrix
   rows: 3
   cols: 3
   dt: d
   data: [ 649.337005, 0.000000, 285.582207,
           0.000000, 648.474125, 184.865181,
           0.000000, 0.000000, 1.000000 ]
DistCoeff: !!opencv-matrix
   rows: 1
   cols: 5
   dt: d
   data: [ -0.519617, 0.178118, -0.003600, -0.001270, 0.000000 ]
ImageSize: [ 608, 342 ]
ReprojectionError: 1.9152198972419840e-01
ChessboardViewNUM: 37
CoverageMat: !!opencv-matrix
   rows: 2
   cols: 2
   dt: f
   data: [ 0., 50.,
           -50., 50. ]
RadarMat: !!opencv-matrix
   rows: 1
   cols: 8
   dt: d
   data: [1.29, 0.63, -0.0855211, -0.0261799, 0.01, -0.025, 0, 0]
