%YAML:1.0
---
CameraExtrinsicMat: !!opencv-matrix
   rows: 4
   cols: 4
   dt: d
   data: [ -0.02854429903809208, -0.5405746030213656, 0.8408117039865208, 0.2105576031315481,
           -0.9994913129828946, 0.003465116041894478, -0.03170344212455917, -0.06139586479175149,
           0.01422456551719797, -0.8412889465214131, -0.5403985290475335, -0.07496585451521796,
            0., 0., 0., 1. ]
CameraMat: !!opencv-matrix
   rows: 3
   cols: 3
   dt: d
   data: [ 301.233137, 0.000000, 311.228361,
           0.000000, 298.067670, 173.165018,
           0.000000, 0.000000, 1.000000 ]
DistCoeff: !!opencv-matrix
   rows: 1
   cols: 5
   dt: d
   data: [ -0.060668, 0.035593, 0.010435, 0.029007, 0.000000 ]
ImageSize: [ 608, 342 ]
ReprojectionError: 2.8142819089541871e-01
CoverageMat: !!opencv-matrix
   rows: 2
   cols: 2
   dt: f
   data: [ 0., 30.,
           -10., 10. ]
