%YAML:1.0
---
CameraExtrinsicMat: !!opencv-matrix
   rows: 4
   cols: 4
   dt: d
   data: [ -0.02247409246767851, -0.5909702528792157, 0.806380230027764, 0.1905576031315481,
           -0.9994332591208571, -0.006938560676499117, -0.0329395953041271, 0.03860413520824851,
            0.02506143912099579, -0.8066635088979877, -0.5904793880243158, -0.07496585451521796,
            0., 0., 0., 1. ]
CameraMat: !!opencv-matrix
   rows: 3
   cols: 3
   dt: d
   data: [ 301.233137, 0.000000, 311.228361,
           0.000000, 298.067670, 173.165018,
           0.000000, 0.000000, 1.000000 ]
DistCoeff: !!opencv-matrix
   rows: 1
   cols: 5
   dt: d
   data: [ -0.060668, 0.035593, 0.010435, 0.029007, 0.000000 ]
ImageSize: [ 608, 342 ]
ReprojectionError: 2.8142819089541871e-01
CoverageMat: !!opencv-matrix
   rows: 2
   cols: 2
   dt: f
   data: [ 0., 30.,
           -10., 10. ]
