%YAML:1.0
---
CameraExtrinsicMat: !!opencv-matrix
   rows: 4
   cols: 4
   dt: d
   data: [ 0.02058735758085806, -0.006900629456379592, 0.9997642432198419, -0.23944239686845,
          -0.9985920098759069, 0.04875652074554432, 0.02089974872541628, 0.07860413520824851,
          -0.04888924748688739, -0.9987868556393273, -0.005887145511268121, 0.04503414548478191,
            0., 0., 0., 1. ]
CameraMat: !!opencv-matrix
   rows: 3
   cols: 3
   dt: d
   data: [1274.821856, 0.000000, 227.432866,
          0.000000, 1263.329196, 80.836703,
          0.000000, 0.000000, 1.000000]
DistCoeff: !!opencv-matrix
   rows: 1
   cols: 5
   dt: d
   data: [ -0.391392, -0.015540, 0.019923, 0.000463, 0.000000 ]
ImageSize: [ 608, 342 ]
ReprojectionError: 2.8142819089541871e-01
CoverageMat: !!opencv-matrix
   rows: 2
   cols: 2
   dt: f
   data: [ 10., 100.,
           -15., 15. ]


