%YAML:1.0
---
CameraExtrinsicMat: !!opencv-matrix
   rows: 4
   cols: 4
   dt: d
   data: [ 0.04972656761470501, -0.006892775022381725, 0.9987390841084327, -0.23944239686845,
          -0.9985641588554655, 0.01960316766601755, 0.04985314901523302, 0.07860413520824851,
          -0.01992207626070147, -0.9997840794241271, -0.005908079849997749, -0.1549658545152181,
            0., 0., 0., 1. ]
CameraMat: !!opencv-matrix
   rows: 3
   cols: 3
   dt: d
   data: [1274.821856, 0.000000, 227.432866,
          0.000000, 1263.329196, 80.836703,
          0.000000, 0.000000, 1.000000]
DistCoeff: !!opencv-matrix
   rows: 1
   cols: 5
   dt: d
   data: [ -0.391392, -0.015540, 0.019923, 0.000463, 0.000000 ]
ImageSize: [ 608, 342 ]
ReprojectionError: 2.8142819089541871e-01
CoverageMat: !!opencv-matrix
   rows: 2
   cols: 2
   dt: f
   data: [ 10., 100.,
           -15., 15. ]


