%YAML:1.0
---
CameraExtrinsicMat: !!opencv-matrix
   rows: 4
   cols: 4
   dt: d
   data: [-0.3906785609726056, -0.2551903281404629, 0.8844479399150279, -5.61293266449993,
          -0.9166924160442712, 0.02024462280610906, -0.399080404949122, -3.536489425361374,
          0.08393614455817533, -0.9666788772239731, -0.2418401785595352, -2.459955785462867,
          0., 0., 0., 1.]
CameraMat: !!opencv-matrix
   rows: 3
   cols: 3
   dt: d
   data: [ 649.337005, 0.000000, 285.582207,
           0.000000, 648.474125, 184.865181,
           0.000000, 0.000000, 1.000000 ]
DistCoeff: !!opencv-matrix
   rows: 1
   cols: 5
   dt: d
   data: [ -0.519617, 0.178118, -0.003600, -0.001270, 0.000000 ]
ImageSize: [ 608, 342 ]
ReprojectionError: 1.9152198972419840e-01
ChessboardViewNUM: 37
CoverageMat: !!opencv-matrix
   rows: 2
   cols: 2
   dt: f
   data: [ 4., 60.,
           -20., 20. ]

