%YAML:1.0
---
CameraExtrinsicMat: !!opencv-matrix
   rows: 4
   cols: 4
   dt: d
   data: [ -0.06567505706844678, -0.6464707564433262, 0.7601068003528519, 0.09055760313154809,
           -0.9962591099003807, -0.0003953707813881824, -0.0864154478229846, 0.03860413520824851,
            0.05616558394210786, -0.7629386638161284, -0.6440264143922225, -0.124965854515218,
            0., 0., 0., 1. ]
CameraMat: !!opencv-matrix
   rows: 3
   cols: 3
   dt: d
   data: [ 301.233137, 0.000000, 311.228361,
           0.000000, 298.067670, 173.165018,
           0.000000, 0.000000, 1.000000 ]
DistCoeff: !!opencv-matrix
   rows: 1
   cols: 5
   dt: d
   data: [ -0.060668, 0.035593, 0.010435, 0.029007, 0.000000 ]
ImageSize: [ 608, 342 ]
ReprojectionError: 2.8142819089541871e-01
CoverageMat: !!opencv-matrix
   rows: 2
   cols: 2
   dt: f
   data: [ 0., 30.,
           -10., 10. ]
