%YAML:1.0
---
CameraExtrinsicMat: !!opencv-matrix
   rows: 4
   cols: 4
   dt: d
   data: [ 0.06710941408485049, -0.005595281483611325, 0.9977299330812457, -0.23944239686845,
          -0.9964020505706583, 0.05150206425849818, 0.06730892211067424, 0.07860413520824851,
          -0.05176176349174505, -0.9986572135634093, -0.002118876587242247, -0.0549658545152181,
            0., 0., 0., 1. ]
CameraMat: !!opencv-matrix
   rows: 3
   cols: 3
   dt: d
   data: [1274.821856, 0.000000, 227.432866,
          0.000000, 1263.329196, 80.836703,
          0.000000, 0.000000, 1.000000]
DistCoeff: !!opencv-matrix
   rows: 1
   cols: 5
   dt: d
   data: [ -0.391392, -0.015540, 0.019923, 0.000463, 0.000000 ]
ImageSize: [ 608, 342 ]
ReprojectionError: 2.8142819089541871e-01
CoverageMat: !!opencv-matrix
   rows: 2
   cols: 2
   dt: f
   data: [ 10., 100.,
           -15., 15. ]


