%YAML:1.0
---
CameraExtrinsicMat: !!opencv-matrix
   rows: 4
   cols: 4
   dt: d
   data: [0.4653822174867542, -0.2585234953880375, 0.846513434021849, -5.723779927157818,
         -0.8751324243640675, 0.008800232690478138, 0.483803468085196, 3.805314846246203,
         -0.1325240788452476, -0.9659648845775631, -0.2221468214701118, -2.471561306526251, 
          0., 0., 0., 1. ]
CameraMat: !!opencv-matrix
   rows: 3
   cols: 3
   dt: d
   data: [ 649.337005, 0.000000, 285.582207,
           0.000000, 648.474125, 184.865181,
           0.000000, 0.000000, 1.000000 ]
DistCoeff: !!opencv-matrix
   rows: 1
   cols: 5
   dt: d
   data: [ -0.519617, 0.178118, -0.003600, -0.001270, 0.000000 ]
ImageSize: [ 608, 342 ]
ReprojectionError: 1.9152198972419840e-01
ChessboardViewNUM: 37
CoverageMat: !!opencv-matrix
   rows: 2
   cols: 2
   dt: f
   data: [ 4., 60.,
           -20., 20. ]

