%YAML:1.0
---
CameraExtrinsicMat: !!opencv-matrix
   rows: 4
   cols: 4
   dt: d
   data: [0.03752403388908654, -0.01841505877347049, 0.9991260343375405, -0.53944239686845,
         -0.9992954424220158, 6.099543241011585e-05, 0.03753152054133918, 0.0286041352082485,
         -0.0007520872811230817, -0.999830426567389, -0.0183997955095897, 0.0250341454847819,
            0., 0., 0., 1. ]
CameraMat: !!opencv-matrix
   rows: 3
   cols: 3
   dt: d
   data: [1274.821856, 0.000000, 227.432866,
          0.000000, 1263.329196, 80.836703,
          0.000000, 0.000000, 1.000000]
DistCoeff: !!opencv-matrix
   rows: 1
   cols: 5
   dt: d
   data: [ -0.391392, -0.015540, 0.019923, 0.000463, 0.000000 ]
ImageSize: [ 608, 342 ]
ReprojectionError: 2.8142819089541871e-01
CoverageMat: !!opencv-matrix
   rows: 2
   cols: 2
   dt: f
   data: [ 10., 100.,
           -15., 15. ]


