%YAML:1.0
---
CameraExtrinsicMat: !!opencv-matrix
   rows: 4
   cols: 4
   dt: d
   data: [0.3880971587314013, -0.2975465067087157, 0.87226525307962, -5.323779927157817,
         -0.902645237350806, 0.06833747791513639, 0.4249253635641264, 3.655314846246203,
         -0.1860434650089063, -0.9522584026710599, -0.2420573561572578, -2.631561306526251, 
          0., 0., 0., 1. ]
CameraMat: !!opencv-matrix
   rows: 3
   cols: 3
   dt: d
   data: [ 649.337005, 0.000000, 285.582207,
           0.000000, 648.474125, 184.865181,
           0.000000, 0.000000, 1.000000 ]
DistCoeff: !!opencv-matrix
   rows: 1
   cols: 5
   dt: d
   data: [ -0.519617, 0.178118, -0.003600, -0.001270, 0.000000 ]
ImageSize: [ 608, 342 ]
ReprojectionError: 1.9152198972419840e-01
ChessboardViewNUM: 37
CoverageMat: !!opencv-matrix
   rows: 2
   cols: 2
   dt: f
   data: [ 4., 60.,
           -20., 20. ]

