%YAML:1.0
---
CameraExtrinsicMat: !!opencv-matrix
   rows: 4
   cols: 4
   dt: d
   data: [0.0427301998684918, 0.08363497756488558, 
       0.9955798915943006, 0.02851313024127627,
       -0.9990494025906062, 0.01218122461259141, 
       0.04185581142792721, 0.08340093124167249,
       -0.008626772429554952, -0.9964220031164799, 
       0.08407598053421644, -1.126110907760773, 0., 0., 0., 1. ]
CameraMat: !!opencv-matrix
   rows: 3
   cols: 3
   dt: d
   data: [ 6.3940004507191020e+02, 0., 3.0498018065749272e+02, 0.,
       6.0713870143992153e+02, 2.1704755511652340e+02, 0., 0., 1. ]
DistCoeff: !!opencv-matrix
   rows: 1
   cols: 5
   dt: d
   data: [ -2.8318216965020898e-01, -2.3980655161144893e-01,
       2.2790463334225911e-04, -3.3127233940153599e-03,
       1.3051436423115412e+00 ]
ImageSize: [ 608, 384 ]
ReprojectionError: 1.9152198972419840e-01
ChessboardViewNUM: 37
