%YAML:1.0
---
CameraExtrinsicMat: !!opencv-matrix
   rows: 4
   cols: 4
   dt: d
   data: [-0.4421096342866452, -0.2695341238119179, 0.8555059481802978, -4.499159784376525,
          -0.8965117157965681, 0.1026009238795862, -0.4309753982056847, -3.432907853290263,
           0.02838687567208148, -0.9575094811645453, -0.2870013567382232, -1.566948521064361,
           0., 0., 0., 1. ]
CameraMat: !!opencv-matrix
   rows: 3
   cols: 3
   dt: d
   data: [ 1.9156294900398923e+03, 0., 3.025041667e+02, 
           0.,1.9002241746949371e+03, 2.066854414e+02, 
           0., 0., 1. ]
DistCoeff: !!opencv-matrix
   rows: 1
   cols: 5
   dt: d
   data: [ -2.9799113939112404e-01, 3.1685536348369547e-01,
            4.0732520938519942e-03, -5.3773565401348032e-04,
           -3.6423081462545109e-01 ]
ImageSize: [ 608, 384 ]
ReprojectionError: 6.7537213321822642e-01
