%YAML:1.0
---
CameraExtrinsicMat: !!opencv-matrix
   rows: 4
   cols: 4
   dt: d
   data: [ -0.7132635405092542, -0.2624570399090507, 0.6499010878452065, -7.012932664499926,
 -0.6977081283108997, 0.1775381820382023, -0.6940342654418958, -6.106489425361374,
 0.0667719212626447, -0.9484706089915227, -0.3097499223731067, -3.689955785462867, 0., 0., 0., 1. ]
CameraMat: !!opencv-matrix
   rows: 3
   cols: 3
   dt: d
   data: [ 1.8330752412674278e+03, 0., 3.275758054e+02, 0.,
       1.8155318525304381e+03, 1.827938677e+02, 0., 0., 1. ]
DistCoeff: !!opencv-matrix
   rows: 1
   cols: 5
   dt: d
   data: [ -3.1779974906261643e-01, 2.4629940336559333e-01,
       -1.8709597770626655e-03, -4.0517907402186247e-03,
       -2.9684403277431298e-01 ]
ImageSize: [ 608, 384 ]
ReprojectionError: 7.5079422653643557e-01
