%YAML:1.0
---
CameraExtrinsicMat: !!opencv-matrix
   rows: 4
   cols: 4
   dt: d
   data: [ 0.330918470469041, -0.2417082161403289, 0.9121787676506674, -6.755292634383903,
          -0.9419448145773328, -0.02636367261581102, 0.33473112053868, 4.816995999861098,
          -0.05685887963462161, -0.9699907705831361, -0.2364000270520907, -2.229012732684847, 
           0., 0., 0., 1. ]
CameraMat: !!opencv-matrix
   rows: 3
   cols: 3
   dt: d
   data: [ 1.9416675908844222e+03, 0., 3.375919055e+02, 0.,
       1.9184118105611246e+03, 1.923643456e+02, 0., 0., 1. ]
DistCoeff: !!opencv-matrix
   rows: 1
   cols: 5
   dt: d
   data: [ -2.8230386126586043e-01, 1.7909959158966822e-02,
       3.2828326930496488e-03, 7.1387016118027906e-03,
       2.7393185610045451e-01 ]
ImageSize: [ 608, 384 ]
ReprojectionError: 8.6771947601825250e-01
