%YAML:1.0
---
CameraExtrinsicMat: !!opencv-matrix
   rows: 4
   cols: 4
   dt: d
   data: [0.03582490406083838, 0.06592180265742181, 
       0.997181474047441, -0.2714868697587237,
       -0.999105313538011, 0.02480352849144579, 
       0.0342543053423468, -0.1215990687583275,
       -0.02247551354573257, -0.9975164664850249, 
       0.06675140734161056, -1.196110907760773, 0., 0., 0., 1. ]
CameraMat: !!opencv-matrix
   rows: 3
   cols: 3
   dt: d
   data: [ 580.039589, 0., 316.135059, 0.,
       581.447685, 209.392896, 0., 0., 1. ]
DistCoeff: !!opencv-matrix
   rows: 1
   cols: 5
   dt: d
   data: [-0.297041, 0.084945, -0.001745, -0.003300, 0.000000 ]
ImageSize: [ 608, 384 ]
ReprojectionError: 1.9152198972419840e-01
ChessboardViewNUM: 37
CoverageMat: !!opencv-matrix
   rows: 2
   cols: 2
   dt: f
   data: [ 0., 50.,
           -50., 50. ]
RadarMat: !!opencv-matrix
   rows: 1
   cols: 6
   dt: d
   data: [1.29, 0.63, -0.0855211, -0.0261799, 0., -0.0279253]
